0.0200000000	0.0000000000	-0.0000000000	0.1166408486	0.0000000000	-0.0000000000	-0.0442929439	0.1253226621	-0.0000000000	-0.1311044383	-0.1652985159	0.0000000000
5.0200000000	0.2942570111	0.0005073360	0.0054989286	6.1882723244	-0.0000000000	-0.0148018946	0.2272834797	-5.2167338197	-0.0528523803	0.0109085350	0.0055371528
10.0200000000	0.1003965580	0.0015946494	0.0070592211	1.6180658828	-0.0000000000	-0.0156051234	0.2266052196	-2.7973376515	-0.0526235878	-0.1060714645	0.0004344879
15.0200000000	0.0584570489	0.0034408873	0.0056865012	0.7988816408	-0.0000000000	-0.0149097782	0.2271882580	-2.2697952809	-0.0513064245	-0.0689964987	0.0000365831
20.0200000000	0.0525515045	0.0061804667	0.0045748153	0.4846114613	-0.0000000000	-0.0142123928	0.2277404032	-1.9899450879	-0.0501522121	-0.0257744884	0.0000030688
25.0200000000	0.0553914149	0.0098737551	0.0038724566	0.2636762056	-0.0000000000	-0.0136794631	0.2281404562	-1.7821376132	-0.0493541875	0.0090741531	0.0000002585
30.0200000000	0.0602962515	0.0145279315	0.0034558098	0.1260288515	-0.0000000000	-0.0133162596	0.2284012561	-1.6329705207	-0.0489085786	0.0355487222	0.0000000273
35.0200000000	0.0656028487	0.0200980410	0.0032399292	0.0556519663	-0.0000000000	-0.0131108207	0.2285422028	-1.5312653990	-0.0487877543	0.0547236783	0.0000000128
40.0200000000	0.0708913532	0.0265137582	0.0031594429	0.0245447427	-0.0000000000	-0.0130309551	0.2285916855	-1.4634067252	-0.0489242747	0.0683204654	0.0000000129
45.0200000000	0.0760069220	0.0337056368	0.0031654324	0.0120152931	-0.0000000000	-0.0130373325	0.2285794330	-1.4169530741	-0.0492367781	0.0781469007	0.0000000129
50.0200000000	0.0808530091	0.0416145570	0.0032251239	0.0072556825	-0.0000000000	-0.0130972366	0.2285288291	-1.3829018961	-0.0496578515	0.0856111039	0.0000000129
55.0200000000	0.0853740837	0.0501903201	0.0033185245	0.0055492643	-0.0000000000	-0.0131886296	0.2284552697	-1.3556434487	-0.0501421658	0.0916287299	0.0000000130
60.0200000000	0.0895565130	0.0593876991	0.0034343102	0.0050172061	-0.0000000000	-0.0132983971	0.2283678309	-1.3319917202	-0.0506627699	0.0967348020	0.0000000130
65.0200000000	0.0934190494	0.0691634293	0.0035665248	0.0049402346	-0.0000000000	-0.0134193246	0.2282714770	-1.3102397502	-0.0512048383	0.1012229910	0.0000000130
70.0200000000	0.0969993869	0.0794745354	0.0037123763	0.0050455624	-0.0000000000	-0.0135476753	0.2281687510	-1.2895081170	-0.0517606810	0.1052487471	0.0000000130
75.0200000000	0.1003431489	0.0902775325	0.0038709074	0.0052288393	-0.0000000000	-0.0136816430	0.2280608409	-1.2693577088	-0.0523265600	0.1088925161	0.0000000130
80.0200000000	0.1034969666	0.1015280586	0.0040422447	0.0054493663	-0.0000000000	-0.0138204634	0.2279481919	-1.2495766536	-0.0529008620	0.1121950842	0.0000000130
85.0200000000	0.1065049283	0.1131806816	0.0042271958	0.0056908550	-0.0000000000	-0.0139639304	0.2278308391	-1.2300679401	-0.0534831048	0.1151764007	0.0000000130
90.0200000000	0.1094071958	0.1251887578	0.0044270476	0.0059465914	-0.0000000000	-0.0141121410	0.2277085825	-1.2107915080	-0.0540734138	0.1178453423	0.0000000130
95.0200000000	0.1122398192	0.1375042894	0.0046434782	0.0062137156	-0.0000000000	-0.0142653645	0.2275810768	-1.1917347604	-0.0546722531	0.1202047098	0.0000000130
100.0200000000	0.1150351354	0.1500777651	0.0048785353	0.0064909589	-0.0000000000	-0.0144239753	0.2274478748	-1.1728976151	-0.0552802885	0.1222537668	0.0000000130
105.0200000000	0.1178224010	0.1628579815	0.0051346558	0.0067777211	-0.0000000000	-0.0145884198	0.2273084466	-1.1542849060	-0.0558983215	0.1239895247	0.0000000129
110.0200000000	0.1206284844	0.1757918471	0.0054147137	0.0070736844	-0.0000000000	-0.0147592014	0.2271621863	-1.1359024700	-0.0565272576	0.1254073946	0.0000000129
115.0200000000	0.1234785340	0.1888241758	0.0057220918	0.0073786508	-0.0000000000	-0.0149368728	0.2270084106	-1.1177550639	-0.0571680943	0.1265015208	0.0000000129
120.0200000000	0.1263965917	0.2018974764	0.0060607761	0.0076924766	-0.0000000000	-0.0151220345	0.2268463542	-1.0998451721	-0.0578219174	0.1272649583	0.0000000128
125.0200000000	0.1294061454	0.2149517470	0.0064354753	0.0080150557	-0.0000000000	-0.0153153336	0.2266751617	-1.0821722310	-0.0584899019	0.1276897800	0.0000000128
130.0200000000	0.1325306214	0.2279242856	0.0068517692	0.0083463291	-0.0000000000	-0.0155174642	0.2264938784	-1.0647320173	-0.0591733142	0.1277671553	0.0000000127
135.0200000000	0.1357938279	0.2407495307	0.0073162922	0.0086863129	-0.0000000000	-0.0157291670	0.2263014395	-1.0475160481	-0.0598735139	0.1274874264	0.0000000126
140.0200000000	0.1392203543	0.2533589448	0.0078369610	0.0090351411	-0.0000000000	-0.0159512291	0.2260966576	-1.0305108508	-0.0605919556	0.1268401890	0.0000000125
145.0200000000	0.1428359377	0.2656809594	0.0084232578	0.0093931210	-0.0000000000	-0.0161844823	0.2258782095	-1.0136969021	-0.0613301883	0.1258143807	0.0000000124
150.0200000000	0.1466678079	0.2776409899	0.0090865859	0.0097608000	-0.0000000000	-0.0164298024	0.2256446195	-0.9970468790	-0.0620898559	0.1243983602	0.0000000122
155.0200000000	0.1507450279	0.2891615228	0.0098407219	0.0101390402	-0.0000000000	-0.0166881084	0.2253942394	-0.9805225959	-0.0628727002	0.1225799476	0.0000000121
160.0200000000	0.1550988636	0.3001622533	0.0107024030	0.0105290971	-0.0000000000	-0.0169603668	0.2251252216	-0.9640695819	-0.0636805715	0.1203463603	0.0000000119
165.0200000000	0.1597632409	0.3105602061	0.0116921112	0.0109326951	-0.0000000000	-0.0172476035	0.2248354778	-0.9476076899	-0.0645154576	0.1176839382	0.0000000117
170.0200000000	0.1647753974	0.3202697055	0.0128351572	0.0113520953	-0.0000000000	-0.0175509319	0.2245226159	-0.9310155241	-0.0653795459	0.1145774869	0.0000000114
175.0200000000	0.1701769060	0.3292019602	0.0141632397	0.0117901498	-0.0000000000	-0.0178716087	0.2241838357	-0.9141060630	-0.0662753439	0.1110089941	0.0000000111
180.0200000000	0.1760153505	0.3372639023	0.0157167781	0.0122503441	-0.0000000000	-0.0182111319	0.2238157604	-0.8965910569	-0.0672058883	0.1069554018	0.0000000107
185.0200000000	0.1823470621	0.3443557968	0.0175485196	0.0127368372	-0.0000000000	-0.0185713993	0.2234141665	-0.8780330055	-0.0681750831	0.1023850670	0.0000000103
190.0200000000	0.1892414648	0.3503670518	0.0197292581	0.0132545041	-0.0000000000	-0.0189549470	0.2229735648	-0.8577858903	-0.0691882051	0.0972525570	0.0000000099
195.0200000000	0.1967877060	0.3551696572	0.0223570607	0.0138089509	-0.0000000000	-0.0193652838	0.2224865689	-0.8349289218	-0.0702526123	0.0914915080	0.0000000093
200.0200000000	0.2051043449	0.3586087958	0.0255723637	0.0144063170	-0.0000000000	-0.0198073297	0.2219429715	-0.8082008682	-0.0713786755	0.0850054276	0.0000000087
205.0200000000	0.2143529170	0.3604903978	0.0295830281	0.0150522398	-0.0000000000	-0.0202879607	0.2213284189	-0.7759472458	-0.0725809311	0.0776565345	0.0000000080
210.0200000000	0.2247561495	0.3605657730	0.0347066411	0.0157482232	-0.0000000000	-0.0208166369	0.2206225391	-0.7361043434	-0.0738794157	0.0692530731	0.0000000072
215.0200000000	0.2366212486	0.3585140836	0.0414432996	0.0164809779	-0.0000000000	-0.0214060555	0.2197963395	-0.6862753191	-0.0753010512	0.0595363637	0.0000000063
220.0200000000	0.2503673318	0.3539246962	0.0506029534	0.0171950580	-0.0000000000	-0.0220726617	0.2188087034	-0.6240223489	-0.0768807296	0.0481709065	0.0000000053
225.0200000000	0.2665520077	0.3462838164	0.0635300457	0.0177340768	-0.0000000000	-0.0228366364	0.2176020155	-0.5476011224	-0.0786612882	0.0347451369	0.0000000043
230.0200000000	0.2858824300	0.3349721644	0.0824975520	0.0177553167	-0.0000000000	-0.0237207018	0.2160974705	-0.4573709430	-0.0806909659	0.0187958152	0.0000000033
235.0200000000	0.3091796526	0.3192753859	0.1113870787	0.0167334531	-0.0000000002	-0.0247472102	0.2141910979	-0.3576334930	-0.0830171785	-0.0001345976	0.0000000023
240.0200000000	0.3372526071	0.2983813460	0.1568599577	0.0143161947	-0.0000000016	-0.0259346123	0.2117498003	-0.2574193906	-0.0856788482	-0.0224339192	0.0000000015
245.0200000001	0.3706557311	0.2712943421	0.2304779653	0.0108925660	-0.0000000130	-0.0272976692	0.2085992311	-0.1681195866	-0.0887064099	-0.0484457366	0.0000000008
250.0200000001	0.4093238851	0.2366066078	0.3529266022	0.0074276265	-0.0000001153	-0.0288572801	0.2044818421	-0.0984385653	-0.0921418513	-0.0787134600	0.0000000004
255.0200000001	0.4524522801	0.1928381205	0.5586551861	0.0046319914	-0.0000009911	-0.0306338050	0.1990411373	-0.1515481372	-0.0959629779	-0.1157429160	0.0001579990
260.0200000001	0.4931852003	0.1400317656	0.8898292406	0.0026724606	-0.0000050161	-0.0326283232	0.1918645398	-0.1049420058	-0.1000083334	-0.1659857110	0.0001080475
265.0200000000	0.5168089906	0.0747107312	1.4294538257	0.0013507143	-0.0000103830	-0.0352095093	0.1807218175	-0.0408413545	-0.1054277686	-0.2265318565	0.0000342135
270.0200000000	0.4810699747	0.0146187156	1.8376032128	0.0005377731	-0.0000034240	-0.0384075552	0.1638572570	-0.0121574258	-0.1122110252	-0.2996306120	0.0000076643
275.0200000000	0.3398672659	-0.0030688638	1.3864577937	0.0001547230	-0.0000006874	-0.0412743858	0.1460464680	-0.0039386850	-0.1183551742	-0.3611131939	0.0000019108
280.0200000000	0.1818764928	-0.0006622460	0.7946516002	0.0000319355	-0.0000004486	-0.0429262301	0.1348637203	-0.0020916677	-0.1220271974	-0.3879446403	0.0000008483
285.0200000000	0.0872596922	-0.0000919221	0.4766892000	0.0000052940	-0.0000004637	-0.0436990970	0.1294658765	-0.0016213270	-0.1239015023	-0.3910507171	0.0000005812
290.0200000000	0.0449579377	-0.0000419411	0.3104257690	0.0000008766	-0.0000005819	-0.0440244515	0.1271705481	-0.0015167263	-0.1248541489	-0.3831615366	0.0000004959
295.0200000000	0.0286582348	-0.0000357247	0.2353126393	0.0000001761	-0.0000007753	-0.0441440942	0.1263245031	-0.0015413838	-0.1253768208	-0.3710563933	0.0000004681
300.0200000000	0.0218651239	-0.0000345118	0.2058359028	0.0000000443	-0.0000010004	-0.0441864699	0.1260255025	-0.0016093706	-0.1257311381	-0.3580818989	0.0000004592
305.0200000000	0.0181374599	-0.0000341660	0.1931650801	0.0000000146	-0.0000012227	-0.0442038168	0.1259039282	-0.0016878799	-0.1260237637	-0.3454860945	0.0000004560
310.0200000000	0.0154995253	-0.0000340272	0.1859709065	0.0000000071	-0.0000014268	-0.0442133739	0.1258375496	-0.0017659412	-0.1262901368	-0.3336135221	0.0000004546
315.0200000000	0.0133763564	-0.0000339473	0.1805938951	0.0000000051	-0.0000016096	-0.0442203773	0.1257892186	-0.0018403075	-0.1265412656	-0.3225155874	0.0000004535
320.0200000000	0.0115841047	-0.0000338866	0.1759190111	0.0000000045	-0.0000017729	-0.0442263867	0.1257478696	-0.0019102184	-0.1267806735	-0.3121612807	0.0000004527
325.0200000000	0.0100471903	-0.0000338336	0.1716083137	0.0000000043	-0.0000019193	-0.0442318729	0.1257101669	-0.0019756741	-0.1270096642	-0.3025000427	0.0000004518
330.0200000000	0.0087223286	-0.0000337850	0.1675557827	0.0000000041	-0.0000020513	-0.0442369862	0.1256750487	-0.0020368918	-0.1272288846	-0.2934795005	0.0000004510
335.0200000000	0.0075779988	-0.0000337395	0.1637241141	0.0000000040	-0.0000021710	-0.0442417824	0.1256421230	-0.0020941385	-0.1274387836	-0.2850501795	0.0000004502
340.0200000000	0.0065885962	-0.0000336969	0.1600962451	0.0000000039	-0.0000022798	-0.0442462893	0.1256111962	-0.0021476806	-0.1276397462	-0.2771665232	0.0000004495
345.0200000000	0.0057325031	-0.0000336568	0.1566610257	0.0000000038	-0.0000023790	-0.0442505263	0.1255821351	-0.0021977700	-0.1278321319	-0.2697868864	0.0000004488
350.0200000000	0.0049912431	-0.0000336191	0.1534090339	0.0000000037	-0.0000024696	-0.0442545098	0.1255548265	-0.0022446411	-0.1280162857	-0.2628732633	0.0000004481
355.0200000000	0.0043489661	-0.0000335836	0.1503313986	0.0000000036	-0.0000025525	-0.0442582550	0.1255291661	-0.0022885111	-0.1281925414	-0.2563909652	0.0000004474
360.0200000000	0.0037920587	-0.0000335503	0.1474195042	0.0000000035	-0.0000026285	-0.0442617762	0.1255050551	-0.0023295811	-0.1283612215	-0.2503083079	0.0000004468
365.0200000000	0.0033088233	-0.0000335189	0.1446649474	0.0000000034	-0.0000026982	-0.0442650870	0.1254823994	-0.0023680373	-0.1285226378	-0.2445963239	0.0000004462
370.0200000000	0.0028892054	-0.0000334893	0.1420595578	0.0000000033	-0.0000027621	-0.0442682004	0.1254611099	-0.0024040526	-0.1286770913	-0.2392285017	0.0000004456
375.0199999999	0.0025245590	-0.0000334616	0.1395954289	0.0000000033	-0.0000028207	-0.0442711286	0.1254411018	-0.0024377872	-0.1288248721	-0.2341805510	0.0000004450
380.0199999999	0.0022074468	-0.0000334354	0.1372649446	0.0000000032	-0.0000028746	-0.0442738831	0.1254222954	-0.0024693902	-0.1289662595	-0.2294301920	0.0000004445
385.0199999999	0.0019314676	-0.0000334108	0.1350607984	0.0000000031	-0.0000029241	-0.0442764749	0.1254046154	-0.0024989999	-0.1291015225	-0.2249569654	0.0000004440
390.0199999999	0.0016911089	-0.0000333876	0.1329760051	0.0000000031	-0.0000029696	-0.0442789142	0.1253879909	-0.0025267453	-0.1292309195	-0.2207420627	0.0000004436
395.0199999999	0.0014816205	-0.0000333657	0.1310039066	0.0000000030	-0.0000030114	-0.0442812104	0.1253723556	-0.0025527464	-0.1293546990	-0.2167681730	0.0000004431
400.0199999999	0.0012989063	-0.0000333451	0.1291381722	0.0000000030	-0.0000030499	-0.0442833728	0.1253576471	-0.0025771151	-0.1294730998	-0.2130193457	0.0000004427
405.0199999999	0.0011394318	-0.0000333257	0.1273727954	0.0000000029	-0.0000030853	-0.0442854096	0.1253438072	-0.0025999556	-0.1295863509	-0.2094808675	0.0000004423
410.0199999999	0.0010001447	-0.0000333074	0.1257020876	0.0000000029	-0.0000031178	-0.0442873288	0.1253307812	-0.0026213653	-0.1296946723	-0.2061391506	0.0000004419
415.0199999999	0.0008784072	-0.0000332901	0.1241206688	0.0000000028	-0.0000031478	-0.0442891376	0.1253185182	-0.0026414350	-0.1297982752	-0.2029816336	0.0000004415
420.0199999999	0.0007719379	-0.0000332737	0.1226234577	0.0000000028	-0.0000031754	-0.0442908430	0.1253069704	-0.0026602496	-0.1298973620	-0.1999966910	0.0000004412
425.0199999999	0.0006787618	-0.0000332583	0.1212056599	0.0000000027	-0.0000032008	-0.0442924515	0.1252960935	-0.0026778883	-0.1299921271	-0.1971735523	0.0000004409
430.0199999999	0.0005971683	-0.0000332438	0.1198627554	0.0000000027	-0.0000032241	-0.0442939689	0.1252858458	-0.0026944252	-0.1300827566	-0.1945022286	0.0000004406
435.0199999999	0.0005256742	-0.0000332300	0.1185904859	0.0000000027	-0.0000032456	-0.0442954009	0.1252761885	-0.0027099297	-0.1301694293	-0.1919734467	0.0000004403
440.0199999999	0.0004629925	-0.0000332170	0.1173848416	0.0000000026	-0.0000032654	-0.0442967527	0.1252670855	-0.0027244665	-0.1302523163	-0.1895785894	0.0000004400
445.0199999999	0.0004080056	-0.0000332047	0.1162420489	0.0000000026	-0.0000032836	-0.0442980292	0.1252585028	-0.0027380963	-0.1303315819	-0.1873096411	0.0000004397
450.0199999999	0.0003597425	-0.0000331931	0.1151585568	0.0000000026	-0.0000033004	-0.0442992350	0.1252504090	-0.0027508759	-0.1304073834	-0.1851591390	0.0000004394
455.0199999999	0.0003173582	-0.0000331821	0.1141310250	0.0000000026	-0.0000033158	-0.0443003742	0.1252427746	-0.0027628583	-0.1304798716	-0.1831201287	0.0000004392
460.0199999999	0.0002801176	-0.0000331716	0.1131563118	0.0000000025	-0.0000033300	-0.0443014510	0.1252355720	-0.0027740934	-0.1305491909	-0.1811861236	0.0000004390
465.0199999999	0.0002473802	-0.0000331617	0.1122314624	0.0000000025	-0.0000033430	-0.0443024689	0.1252287755	-0.0027846278	-0.1306154798	-0.1793510687	0.0000004387
470.0199999999	0.0002185877	-0.0000331524	0.1113536977	0.0000000025	-0.0000033550	-0.0443034315	0.1252223610	-0.0027945050	-0.1306788709	-0.1776093067	0.0000004385
475.0199999999	0.0001932531	-0.0000331435	0.1105204041	0.0000000025	-0.0000033660	-0.0443043420	0.1252163061	-0.0028037661	-0.1307394913	-0.1759555478	0.0000004383
480.0199999999	0.0001709512	-0.0000331351	0.1097291231	0.0000000024	-0.0000033762	-0.0443052034	0.1252105898	-0.0028124493	-0.1307974626	-0.1743848423	0.0000004381
485.0199999998	0.0001513105	-0.0000331271	0.1089775419	0.0000000024	-0.0000033855	-0.0443060187	0.1252051924	-0.0028205906	-0.1308529015	-0.1728925547	0.0000004379
490.0199999998	0.0001340065	-0.0000331195	0.1082634844	0.0000000024	-0.0000033940	-0.0443067903	0.1252000954	-0.0028282236	-0.1309059194	-0.1714743411	0.0000004378
495.0199999998	0.0001187550	-0.0000331123	0.1075849029	0.0000000024	-0.0000034018	-0.0443075209	0.1251952817	-0.0028353799	-0.1309566233	-0.1701261275	0.0000004376
500.0199999998	0.0001053075	-0.0000331055	0.1069398699	0.0000000024	-0.0000034090	-0.0443082128	0.1251907350	-0.0028420891	-0.1310051154	-0.1688440909	0.0000004374
505.0199999998	0.0000934462	-0.0000330990	0.1063265707	0.0000000024	-0.0000034156	-0.0443088681	0.1251864403	-0.0028483790	-0.1310514936	-0.1676246413	0.0000004373
510.0199999998	0.0000829805	-0.0000330928	0.1057432964	0.0000000023	-0.0000034216	-0.0443094889	0.1251823834	-0.0028542754	-0.1310958518	-0.1664644054	0.0000004371
515.0199999998	0.0000737429	-0.0000330869	0.1051884373	0.0000000023	-0.0000034272	-0.0443100771	0.1251785509	-0.0028598029	-0.1311382796	-0.1653602115	0.0000004370
520.0199999998	0.0000655867	-0.0000330814	0.1046604767	0.0000000023	-0.0000034322	-0.0443106346	0.1251749304	-0.0028649843	-0.1311788628	-0.1643090760	0.0000004368
525.0199999998	0.0000583830	-0.0000330760	0.1041579851	0.0000000023	-0.0000034368	-0.0443111630	0.1251715101	-0.0028698411	-0.1312176837	-0.1633081901	0.0000004367
530.0199999998	0.0000520188	-0.0000330710	0.1036796150	0.0000000023	-0.0000034410	-0.0443116639	0.1251682790	-0.0028743934	-0.1312548207	-0.1623549088	0.0000004366
535.0199999998	0.0000463944	-0.0000330662	0.1032240953	0.0000000023	-0.0000034449	-0.0443121389	0.1251652268	-0.0028786600	-0.1312903492	-0.1614467398	0.0000004364
540.0199999998	0.0000414226	-0.0000330616	0.1027902272	0.0000000023	-0.0000034484	-0.0443125892	0.1251623437	-0.0028826587	-0.1313243410	-0.1605813330	0.0000004363
545.0199999998	0.0000370264	-0.0000330572	0.1023768796	0.0000000022	-0.0000034516	-0.0443130164	0.1251596205	-0.0028864061	-0.1313568649	-0.1597564723	0.0000004362
550.0199999998	0.0000331382	-0.0000330531	0.1019829847	0.0000000022	-0.0000034545	-0.0443134215	0.1251570487	-0.0028899177	-0.1313879868	-0.1589700662	0.0000004361
555.0199999998	0.0000296985	-0.0000330491	0.1016075343	0.0000000022	-0.0000034571	-0.0443138058	0.1251546201	-0.0028932083	-0.1314177695	-0.1582201402	0.0000004360
560.0199999998	0.0000266547	-0.0000330453	0.1012495763	0.0000000022	-0.0000034595	-0.0443141704	0.1251523272	-0.0028962914	-0.1314462732	-0.1575048294	0.0000004359
565.0199999998	0.0000239606	-0.0000330417	0.1009082112	0.0000000022	-0.0000034617	-0.0443145163	0.1251501626	-0.0028991799	-0.1314735554	-0.1568223719	0.0000004358
570.0199999998	0.0000215756	-0.0000330383	0.1005825888	0.0000000022	-0.0000034636	-0.0443148446	0.1251481196	-0.0029018860	-0.1314996712	-0.1561711021	0.0000004357
575.0199999998	0.0000194637	-0.0000330350	0.1002719057	0.0000000022	-0.0000034654	-0.0443151560	0.1251461919	-0.0029044209	-0.1315246730	-0.1555494451	0.0000004356
580.0199999998	0.0000175933	-0.0000330319	0.0999754020	0.0000000022	-0.0000034670	-0.0443154516	0.1251443733	-0.0029067953	-0.1315486112	-0.1549559113	0.0000004355
585.0199999998	0.0000159363	-0.0000330289	0.0996923592	0.0000000022	-0.0000034684	-0.0443157321	0.1251426583	-0.0029090191	-0.1315715337	-0.1543890910	0.0000004354
590.0199999998	0.0000144682	-0.0000330260	0.0994220972	0.0000000022	-0.0000034697	-0.0443159983	0.1251410413	-0.0029111016	-0.1315934865	-0.1538476498	0.0000004353
595.0199999997	0.0000131671	-0.0000330233	0.0991639728	0.0000000022	-0.0000034708	-0.0443162510	0.1251395174	-0.0029130517	-0.1316145135	-0.1533303243	0.0000004352
600.0199999997	0.0000120138	-0.0000330207	0.0989173768	0.0000000022	-0.0000034719	-0.0443164908	0.1251380817	-0.0029148776	-0.1316346564	-0.1528359177	0.0000004351
605.0199999997	0.0000109914	-0.0000330182	0.0986817325	0.0000000022	-0.0000034727	-0.0443167184	0.1251367298	-0.0029165870	-0.1316539554	-0.1523632962	0.0000004350
610.0199999997	0.0000100848	-0.0000330158	0.0984564939	0.0000000021	-0.0000034735	-0.0443169345	0.1251354573	-0.0029181871	-0.1316724487	-0.1519113854	0.0000004350
615.0199999997	0.0000092808	-0.0000330135	0.0982411436	0.0000000021	-0.0000034742	-0.0443171395	0.1251342601	-0.0029196847	-0.1316901729	-0.1514791665	0.0000004349
620.0199999997	0.0000085676	-0.0000330113	0.0980351912	0.0000000021	-0.0000034748	-0.0443173341	0.1251331345	-0.0029210862	-0.1317071629	-0.1510656737	0.0000004348
625.0199999997	0.0000079348	-0.0000330092	0.0978381722	0.0000000021	-0.0000034754	-0.0443175188	0.1251320768	-0.0029223976	-0.1317234520	-0.1506699910	0.0000004347
630.0199999997	0.0000073733	-0.0000330072	0.0976496461	0.0000000021	-0.0000034758	-0.0443176941	0.1251310836	-0.0029236245	-0.1317390721	-0.1502912492	0.0000004347
635.0199999997	0.0000068750	-0.0000330053	0.0974691953	0.0000000021	-0.0000034762	-0.0443178605	0.1251301516	-0.0029247721	-0.1317540536	-0.1499286238	0.0000004346
640.0199999997	0.0000064326	-0.0000330034	0.0972964237	0.0000000021	-0.0000034765	-0.0443180184	0.1251292778	-0.0029258455	-0.1317684256	-0.1495813321	0.0000004345
645.0199999997	0.0000060398	-0.0000330017	0.0971309555	0.0000000021	-0.0000034768	-0.0443181682	0.1251284592	-0.0029268491	-0.1317822158	-0.1492486311	0.0000004345
650.0199999997	0.0000056911	-0.0000330000	0.0969724343	0.0000000021	-0.0000034770	-0.0443183103	0.1251276931	-0.0029277875	-0.1317954507	-0.1489298153	0.0000004344
655.0199999997	0.0000053813	-0.0000329983	0.0968205218	0.0000000021	-0.0000034771	-0.0443184452	0.1251269769	-0.0029286645	-0.1318081555	-0.1486242149	0.0000004343
660.0199999997	0.0000051061	-0.0000329968	0.0966748968	0.0000000021	-0.0000034772	-0.0443185731	0.1251263080	-0.0029294842	-0.1318203546	-0.1483311935	0.0000004343
665.0199999997	0.0000048616	-0.0000329952	0.0965352547	0.0000000021	-0.0000034773	-0.0443186944	0.1251256842	-0.0029302500	-0.1318320708	-0.1480501467	0.0000004342
670.0199999997	0.0000046443	-0.0000329938	0.0964013058	0.0000000021	-0.0000034774	-0.0443188095	0.1251251032	-0.0029309654	-0.1318433264	-0.1477804999	0.0000004341
675.0199999997	0.0000044511	-0.0000329924	0.0962727755	0.0000000021	-0.0000034774	-0.0443189186	0.1251245628	-0.0029316334	-0.1318541421	-0.1475217074	0.0000004341
680.0199999997	0.0000042794	-0.0000329911	0.0961494025	0.0000000021	-0.0000034773	-0.0443190221	0.1251240611	-0.0029322571	-0.1318645382	-0.1472732503	0.0000004340
685.0199999997	0.0000041266	-0.0000329898	0.0960309390	0.0000000021	-0.0000034773	-0.0443191202	0.1251235962	-0.0029328391	-0.1318745339	-0.1470346355	0.0000004340
690.0199999997	0.0000039908	-0.0000329885	0.0959171492	0.0000000021	-0.0000034772	-0.0443192131	0.1251231662	-0.0029333822	-0.1318841473	-0.1468053940	0.0000004339
695.0199999997	0.0000038699	-0.0000329873	0.0958078093	0.0000000021	-0.0000034771	-0.0443193012	0.1251227695	-0.0029338888	-0.1318933959	-0.1465850801	0.0000004338
700.0199999997	0.0000037623	-0.0000329862	0.0957027064	0.0000000021	-0.0000034770	-0.0443193847	0.1251224044	-0.0029343612	-0.1319022964	-0.1463732697	0.0000004338
705.0199999996	0.0000036666	-0.0000329851	0.0956016383	0.0000000021	-0.0000034769	-0.0443194637	0.1251220693	-0.0029348014	-0.1319108648	-0.1461695594	0.0000004337
710.0199999996	0.0000035813	-0.0000329840	0.0955044126	0.0000000021	-0.0000034767	-0.0443195386	0.1251217628	-0.0029352116	-0.1319191161	-0.1459735658	0.0000004337
715.0199999996	0.0000035053	-0.0000329830	0.0954108465	0.0000000021	-0.0000034765	-0.0443196094	0.1251214835	-0.0029355936	-0.1319270649	-0.1457849239	0.0000004336
720.0199999996	0.0000034377	-0.0000329820	0.0953207662	0.0000000021	-0.0000034764	-0.0443196765	0.1251212301	-0.0029359491	-0.1319347251	-0.1456032864	0.0000004336
725.0199999996	0.0000033773	-0.0000329810	0.0952340063	0.0000000021	-0.0000034762	-0.0443197399	0.1251210012	-0.0029362800	-0.1319421097	-0.1454283230	0.0000004335
730.0199999996	0.0000033235	-0.0000329801	0.0951504094	0.0000000021	-0.0000034760	-0.0443197999	0.1251207957	-0.0029365876	-0.1319492314	-0.1452597193	0.0000004335
735.0199999996	0.0000032755	-0.0000329792	0.0950698262	0.0000000021	-0.0000034758	-0.0443198567	0.1251206125	-0.0029368735	-0.1319561023	-0.1450971760	0.0000004334
740.0199999996	0.0000032327	-0.0000329783	0.0949921141	0.0000000021	-0.0000034756	-0.0443199103	0.1251204504	-0.0029371390	-0.1319627337	-0.1449404084	0.0000004334
745.0199999996	0.0000031944	-0.0000329775	0.0949171378	0.0000000021	-0.0000034753	-0.0443199609	0.1251203085	-0.0029373855	-0.1319691367	-0.1447891453	0.0000004333
750.0199999996	0.0000031603	-0.0000329767	0.0948447684	0.0000000021	-0.0000034751	-0.0443200087	0.1251201858	-0.0029376141	-0.1319753217	-0.1446431286	0.0000004333
755.0199999996	0.0000031297	-0.0000329759	0.0947748834	0.0000000021	-0.0000034749	-0.0443200539	0.1251200812	-0.0029378260	-0.1319812986	-0.1445021126	0.0000004332
760.0199999996	0.0000031024	-0.0000329751	0.0947073660	0.0000000021	-0.0000034746	-0.0443200964	0.1251199940	-0.0029380221	-0.1319870770	-0.1443658634	0.0000004332
765.0199999996	0.0000030779	-0.0000329744	0.0946421051	0.0000000021	-0.0000034744	-0.0443201366	0.1251199233	-0.0029382036	-0.1319926659	-0.1442341583	0.0000004331
770.0199999996	0.0000030560	-0.0000329737	0.0945789951	0.0000000021	-0.0000034741	-0.0443201744	0.1251198682	-0.0029383714	-0.1319980740	-0.1441067849	0.0000004331
775.0199999996	0.0000030364	-0.0000329730	0.0945179353	0.0000000021	-0.0000034739	-0.0443202100	0.1251198281	-0.0029385263	-0.1320033096	-0.1439835415	0.0000004330
780.0199999996	0.0000030188	-0.0000329723	0.0944588298	0.0000000020	-0.0000034736	-0.0443202435	0.1251198022	-0.0029386691	-0.1320083805	-0.1438642355	0.0000004330
785.0199999996	0.0000030030	-0.0000329716	0.0944015874	0.0000000020	-0.0000034734	-0.0443202750	0.1251197898	-0.0029388006	-0.1320132943	-0.1437486837	0.0000004329
790.0199999996	0.0000029888	-0.0000329710	0.0943461213	0.0000000020	-0.0000034731	-0.0443203046	0.1251197902	-0.0029389215	-0.1320180582	-0.1436367116	0.0000004329
795.0199999996	0.0000029760	-0.0000329704	0.0942923487	0.0000000020	-0.0000034729	-0.0443203324	0.1251198028	-0.0029390325	-0.1320226789	-0.1435281528	0.0000004329
800.0199999996	0.0000029645	-0.0000329697	0.0942401909	0.0000000020	-0.0000034726	-0.0443203584	0.1251198271	-0.0029391343	-0.1320271631	-0.1434228490	0.0000004328
805.0199999996	0.0000029542	-0.0000329692	0.0941895727	0.0000000020	-0.0000034724	-0.0443203828	0.1251198624	-0.0029392273	-0.1320315169	-0.1433206494	0.0000004328
810.0199999996	0.0000029448	-0.0000329686	0.0941404229	0.0000000020	-0.0000034721	-0.0443204057	0.1251199082	-0.0029393123	-0.1320357464	-0.1432214100	0.0000004327
815.0199999995	0.0000029364	-0.0000329680	0.0940926732	0.0000000020	-0.0000034719	-0.0443204270	0.1251199640	-0.0029393896	-0.1320398571	-0.1431249940	0.0000004327
820.0199999995	0.0000029287	-0.0000329675	0.0940462589	0.0000000020	-0.0000034716	-0.0443204470	0.1251200294	-0.0029394599	-0.1320438546	-0.1430312709	0.0000004326
825.0199999995	0.0000029218	-0.0000329669	0.0940011182	0.0000000020	-0.0000034714	-0.0443204655	0.1251201037	-0.0029395234	-0.1320477440	-0.1429401162	0.0000004326
830.0199999995	0.0000029155	-0.0000329664	0.0939571922	0.0000000020	-0.0000034711	-0.0443204828	0.1251201867	-0.0029395808	-0.1320515301	-0.1428514116	0.0000004325
835.0199999995	0.0000029098	-0.0000329659	0.0939144250	0.0000000020	-0.0000034708	-0.0443204989	0.1251202778	-0.0029396323	-0.1320552178	-0.1427650440	0.0000004325
840.0199999995	0.0000029045	-0.0000329654	0.0938727630	0.0000000020	-0.0000034706	-0.0443205138	0.1251203767	-0.0029396783	-0.1320588114	-0.1426809059	0.0000004325
845.0199999995	0.0000028998	-0.0000329649	0.0938321554	0.0000000020	-0.0000034703	-0.0443205275	0.1251204829	-0.0029397192	-0.1320623154	-0.1425988947	0.0000004324
850.0199999995	0.0000028954	-0.0000329644	0.0937925538	0.0000000020	-0.0000034701	-0.0443205403	0.1251205962	-0.0029397554	-0.1320657337	-0.1425189127	0.0000004324
855.0199999995	0.0000028914	-0.0000329639	0.0937539119	0.0000000020	-0.0000034698	-0.0443205520	0.1251207162	-0.0029397871	-0.1320690702	-0.1424408667	0.0000004323
860.0199999995	0.0000028878	-0.0000329635	0.0937161856	0.0000000020	-0.0000034696	-0.0443205627	0.1251208425	-0.0029398146	-0.1320723288	-0.1423646680	0.0000004323
865.0199999995	0.0000028844	-0.0000329630	0.0936793331	0.0000000020	-0.0000034694	-0.0443205726	0.1251209748	-0.0029398382	-0.1320755128	-0.1422902319	0.0000004322
870.0199999995	0.0000028813	-0.0000329626	0.0936433143	0.0000000020	-0.0000034691	-0.0443205816	0.1251211128	-0.0029398582	-0.1320786258	-0.1422174777	0.0000004322
875.0199999995	0.0000028784	-0.0000329622	0.0936080911	0.0000000020	-0.0000034689	-0.0443205897	0.1251212562	-0.0029398747	-0.1320816709	-0.1421463286	0.0000004322
880.0199999995	0.0000028757	-0.0000329617	0.0935736272	0.0000000020	-0.0000034686	-0.0443205971	0.1251214048	-0.0029398881	-0.1320846513	-0.1420767113	0.0000004321
885.0199999995	0.0000028733	-0.0000329613	0.0935398880	0.0000000020	-0.0000034684	-0.0443206037	0.1251215583	-0.0029398985	-0.1320875697	-0.1420085559	0.0000004321
890.0199999995	0.0000028710	-0.0000329609	0.0935068405	0.0000000020	-0.0000034682	-0.0443206096	0.1251217165	-0.0029399061	-0.1320904292	-0.1419417958	0.0000004320
895.0199999995	0.0000028688	-0.0000329605	0.0934744532	0.0000000020	-0.0000034679	-0.0443206148	0.1251218790	-0.0029399110	-0.1320932323	-0.1418763675	0.0000004320
900.0199999995	0.0000028668	-0.0000329601	0.0934426962	0.0000000020	-0.0000034677	-0.0443206194	0.1251220457	-0.0029399136	-0.1320959815	-0.1418122104	0.0000004320
905.0199999995	0.0000028649	-0.0000329597	0.0934115409	0.0000000020	-0.0000034674	-0.0443206233	0.1251222164	-0.0029399138	-0.1320986794	-0.1417492670	0.0000004319
910.0199999995	0.0000028631	-0.0000329593	0.0933809599	0.0000000020	-0.0000034672	-0.0443206267	0.1251223909	-0.0029399120	-0.1321013282	-0.1416874820	0.0000004319
915.0199999995	0.0000028614	-0.0000329589	0.0933509275	0.0000000020	-0.0000034670	-0.0443206295	0.1251225689	-0.0029399081	-0.1321039302	-0.1416268032	0.0000004318
920.0199999995	0.0000028598	-0.0000329585	0.0933214187	0.0000000020	-0.0000034668	-0.0443206318	0.1251227503	-0.0029399024	-0.1321064875	-0.1415671804	0.0000004318
925.0199999994	0.0000028583	-0.0000329582	0.0932924100	0.0000000020	-0.0000034665	-0.0443206336	0.1251229349	-0.0029398950	-0.1321090020	-0.1415085660	0.0000004318
930.0199999994	0.0000028568	-0.0000329578	0.0932638789	0.0000000020	-0.0000034663	-0.0443206349	0.1251231226	-0.0029398860	-0.1321114758	-0.1414509145	0.0000004317
935.0199999994	0.0000028554	-0.0000329574	0.0932358039	0.0000000020	-0.0000034661	-0.0443206358	0.1251233131	-0.0029398754	-0.1321139106	-0.1413941826	0.0000004317
940.0199999994	0.0000028541	-0.0000329571	0.0932081647	0.0000000020	-0.0000034659	-0.0443206362	0.1251235064	-0.0029398635	-0.1321163082	-0.1413383289	0.0000004316
945.0199999994	0.0000028529	-0.0000329567	0.0931809415	0.0000000020	-0.0000034656	-0.0443206362	0.1251237022	-0.0029398502	-0.1321186703	-0.1412833140	0.0000004316
950.0199999994	0.0000028516	-0.0000329564	0.0931541160	0.0000000020	-0.0000034654	-0.0443206358	0.1251239004	-0.0029398357	-0.1321209985	-0.1412291003	0.0000004316
955.0199999994	0.0000028505	-0.0000329560	0.0931276703	0.0000000020	-0.0000034652	-0.0443206351	0.1251241010	-0.0029398201	-0.1321232942	-0.1411756521	0.0000004315
960.0199999994	0.0000028493	-0.0000329557	0.0931015875	0.0000000020	-0.0000034650	-0.0443206340	0.1251243037	-0.0029398034	-0.1321255590	-0.1411229349	0.0000004315
965.0199999994	0.0000028482	-0.0000329554	0.0930758515	0.0000000020	-0.0000034648	-0.0443206325	0.1251245084	-0.0029397857	-0.1321277942	-0.1410709164	0.0000004314
970.0199999994	0.0000028472	-0.0000329550	0.0930504470	0.0000000020	-0.0000034645	-0.0443206308	0.1251247151	-0.0029397671	-0.1321300011	-0.1410195655	0.0000004314
975.0199999994	0.0000028461	-0.0000329547	0.0930253593	0.0000000020	-0.0000034643	-0.0443206287	0.1251249237	-0.0029397476	-0.1321321811	-0.1409688524	0.0000004314
980.0199999994	0.0000028451	-0.0000329544	0.0930005743	0.0000000020	-0.0000034641	-0.0443206264	0.1251251339	-0.0029397274	-0.1321343353	-0.1409187489	0.0000004313
985.0199999994	0.0000028442	-0.0000329540	0.0929760788	0.0000000020	-0.0000034639	-0.0443206237	0.1251253458	-0.0029397063	-0.1321364648	-0.1408692280	0.0000004313
990.0199999994	0.0000028432	-0.0000329537	0.0929518601	0.0000000020	-0.0000034637	-0.0443206209	0.1251255592	-0.0029396846	-0.1321385707	-0.1408202641	0.0000004312
995.0199999994	0.0000028423	-0.0000329534	0.0929279060	0.0000000020	-0.0000034635	-0.0443206177	0.1251257740	-0.0029396623	-0.1321406542	-0.1407718327	0.0000004312
1000.0199999994	0.0000028414	-0.0000329531	0.0929042049	0.0000000020	-0.0000034633	-0.0443206144	0.1251259902	-0.0029396393	-0.1321427161	-0.1407239102	0.0000004312
