time,Volt,Volt2,Cai,CaSR,Nai,Ki,M,H,J,Xr1,Xr2,Xs,S,R,D,F,FCa,G,Itot
0,-85.1603,-86.2,7.9998e-05,0.56,11.6,138.3,0,0.750665,0.750069,8.59428e-08,0.985459,3.14396e-05,1,1.11058e-10,1.02238e-06,1,1.00006,0.999999,-51.9849
5,20.1756,-86.2,0.00067211,0.434646,11.6041,138.305,0.96,7.34173e-10,0.00340565,0.0735973,0.173082,0.00428337,0.555243,0.342363,0.967632,0.975243,0.583145,0.430986,1.89785
10,13.1541,-86.2,0.000987627,0.404635,11.6037,138.303,0.9,2.66556e-22,1.97027e-06,0.163637,0.0429153,0.00838559,0.255645,0.30479,0.919002,0.938626,0.249073,0.035378,0.259687
15,14.3217,-86.2,0.000985664,0.405975,11.6035,138.302,0.95,1.65699e-34,3.04196e-09,0.230071,0.0196147,0.0123079,0.124852,0.26551,0.92853,0.901966,0.21905,0.00290406,-0.471862
20,16.7228,-86.2,0.000953732,0.409685,11.6032,138.301,0.94,6.07684e-47,2.0142e-12,0.302628,0.0142458,0.016357,0.0585011,0.32721,0.947095,0.867879,0.217596,0.000238464,-0.452071
25,18.7183,-86.2,0.000919631,0.413607,11.6029,138.301,0.93,1.36942e-59,4.79765e-16,0.381331,0.0123391,0.0205412,0.0258396,0.411475,0.959045,0.836556,0.217596,1.97242e-05,-0.34416
30,20.1522,-86.2,0.000885936,0.417557,11.6024,138.301,0.97,2.23509e-72,4.72999e-20,0.461443,0.0113513,0.0248224,0.0108262,0.481875,0.966021,0.807559,0.217596,1.89056e-06,-0.229854
35,21.029,-86.2,0.000853104,0.421519,11.602,138.301,0.96,3.00654e-85,2.45019e-24,0.537861,0.0107759,0.0291605,0.00441573,0.528775,0.969736,0.780351,0.217596,6.512e-07,-0.124231
40,21.4329,-86.2,0.000821333,0.425488,11.6015,138.301,0.98,3.66457e-98,8.75411e-29,0.606776,0.010471,0.0335193,0.00184084,0.553429,0.97134,0.754474,0.217596,6.51083e-07,-0.0422711
45,21.4956,-86.2,0.00079072,0.429463,11.601,138.301,0.94,4.3191e-111,2.73414e-33,0.666433,0.0103552,0.0378705,0.000848534,0.561376,0.971614,0.729597,0.217596,6.51083e-07,0.0128014
50,21.3397,-86.2,0.000761297,0.43344,11.6004,138.3,0.92,5.13266e-124,8.82996e-38,0.716792,0.0103647,0.0421954,0.000477594,0.558343,0.971061,0.705509,0.217596,6.51083e-07,0.0465304
55,21.053,-86.2,0.000733056,0.437419,11.5999,138.3,0.96,6.31239e-137,3.26924e-42,0.758757,0.010453,0.0464823,0.000345987,0.548595,0.969983,0.682088,0.217596,6.51083e-07,0.0662835
60,20.69,-86.2,0.000705967,0.441395,11.5993,138.3,0.93,8.16709e-150,1.47023e-46,0.793555,0.0105896,0.0507247,0.000307423,0.534856,0.96855,0.659262,0.217596,6.51083e-07,0.0778609
65,20.2815,-86.2,0.000679989,0.445368,11.5988,138.3,0.95,1.12383e-162,8.27955e-51,0.822397,0.0107567,0.0549189,0.000306582,0.518729,0.966854,0.636991,0.217596,6.51083e-07,0.0849918
70,19.8437,-86.2,0.00065508,0.449333,11.5982,138.3,0.95,1.65793e-175,5.92935e-55,0.84635,0.0109441,0.0590627,0.000322538,0.501117,0.964935,0.615251,0.217596,6.51083e-07,0.0898441
75,19.3848,-86.2,0.000631197,0.453288,11.5976,138.3,0.9,2.63968e-188,5.44106e-59,0.866309,0.0111469,0.0631547,0.000347404,0.482514,0.962807,0.594027,0.217596,6.51083e-07,0.0936144
80,18.9082,-86.2,0.000608298,0.45723,11.597,138.3,0.91,4.56378e-201,6.42158e-63,0.883001,0.0113627,0.067194,0.00037834,0.463196,0.960466,0.573309,0.217596,6.51083e-07,0.0969477
85,18.4154,-86.2,0.000586343,0.461156,11.5965,138.3,0.95,8.62135e-214,9.76536e-67,0.897015,0.0115908,0.0711798,0.000414553,0.443317,0.957896,0.553089,0.217596,6.51083e-07,0.100191
90,17.9061,-86.2,0.000565296,0.465063,11.5959,138.3,0.96,1.79118e-226,1.9155e-70,0.908827,0.0118315,0.0751112,0.000456158,0.422976,0.955074,0.533363,0.217596,6.51083e-07,0.103533
95,17.3796,-86.2,0.00054512,0.468947,11.5953,138.3,0.95,4.12199e-239,4.8503e-74,0.918818,0.0120854,0.0789873,0.00050375,0.402244,0.951967,0.514125,0.217596,6.51083e-07,0.107084
100,16.8347,-86.2,0.000525784,0.472805,11.5947,138.299,0.91,1.05896e-251,1.58664e-77,0.9273,0.0123537,0.0828072,0.000558254,0.38118,0.948538,0.495374,0.217596,6.51083e-07,0.110911
105,16.2699,-86.2,0.000507255,0.476634,11.5941,138.299,0.97,3.06377e-264,6.71089e-81,0.934522,0.0126378,0.0865699,0.000620904,0.359847,0.94474,0.477107,0.217596,6.51083e-07,0.115062
110,15.6834,-86.2,0.000489504,0.480431,11.5935,138.299,0.96,1.00805e-276,3.67372e-84,0.94069,0.0129393,0.0902742,0.000693265,0.33831,0.940519,0.459325,0.217596,6.51083e-07,0.119576
115,15.0734,-86.2,0.000472502,0.484191,11.5928,138.299,0.98,3.81356e-289,2.60582e-87,0.945971,0.0132601,0.0939187,0.000777312,0.316647,0.93581,0.44203,0.217596,6.51083e-07,0.124486
120,14.4377,-86.2,0.000456223,0.487912,11.5922,138.299,0.92,1.67952e-301,2.39792e-90,0.950502,0.0136024,0.0975019,0.000875532,0.294941,0.930538,0.425227,0.217596,6.51083e-07,0.129826
125,13.7742,-86.2,0.00044064,0.491591,11.5916,138.299,0.96,8.73234e-314,2.86656e-93,0.954394,0.0139686,0.101022,0.000991075,0.27329,0.92461,0.408924,0.217596,6.51083e-07,0.135627
130,13.0805,-86.2,0.000425728,0.495223,11.591,138.299,0.96,1.97626e-323,4.45786e-96,0.957742,0.0143614,0.104478,0.00112795,0.251801,0.91792,0.393133,0.217596,6.51083e-07,0.141922
135,12.354,-86.2,0.000411464,0.498806,11.5904,138.299,0.95,1.97626e-323,9.03095e-99,0.960622,0.0147841,0.107867,0.00129132,0.230593,0.910342,0.377869,0.217596,6.51083e-07,0.148742
140,11.592,-86.2,0.000397823,0.502337,11.5898,138.299,0.95,1.97626e-323,2.3865e-101,0.963098,0.0152402,0.111186,0.00148785,0.209793,0.901726,0.363154,0.217596,6.51083e-07,0.15612
145,10.7917,-86.2,0.000384782,0.505812,11.5892,138.299,0.93,1.97626e-323,8.23636e-104,0.965223,0.0157337,0.114435,0.00172625,0.189533,0.891895,0.349017,0.217596,6.51083e-07,0.164085
150,9.94997,-86.2,0.000372318,0.50923,11.5886,138.299,0.98,1.97626e-323,3.71615e-106,0.967041,0.0162693,0.117609,0.00201799,0.16995,0.880641,0.335491,0.217596,6.51083e-07,0.172667
155,9.06374,-86.2,0.00036041,0.512588,11.588,138.299,0.97,1.97626e-323,2.19359e-108,0.968589,0.0168522,0.120707,0.00237831,0.151179,0.867724,0.322619,0.217596,6.51083e-07,0.181897
160,8.12967,-86.2,0.000349034,0.515883,11.5874,138.299,0.94,1.97626e-323,1.69467e-110,0.969897,0.0174884,0.123724,0.00282765,0.133348,0.852863,0.310455,0.217596,6.51083e-07,0.191809
165,7.14423,-86.2,0.00033817,0.519113,11.5868,138.299,0.98,1.97626e-323,1.7134e-112,0.97099,0.0181849,0.126659,0.00339375,0.116574,0.835741,0.299055,0.217596,6.51083e-07,0.20245
170,6.10361,-86.2,0.000327795,0.522276,11.5862,138.299,0.97,1.97626e-323,2.26588e-114,0.97189,0.0189495,0.129507,0.00411458,0.100957,0.815996,0.288486,0.217596,6.51083e-07,0.213893
175,5.00353,-86.2,0.000317888,0.525371,11.5856,138.299,0.96,1.97626e-323,3.91524e-116,0.972614,0.0197916,0.132265,0.00504286,0.0865745,0.793229,0.278814,0.217596,6.51083e-07,0.22626
180,3.83889,-86.2,0.000308425,0.528397,11.5851,138.298,0.94,1.97626e-323,8.82549e-118,0.973174,0.0207224,0.13493,0.00625281,0.0734765,0.767007,0.270105,0.217596,6.51083e-07,0.239756
185,2.60326,-86.2,0.000299385,0.531351,11.5845,138.298,0.94,1.97626e-323,2.59005e-119,0.973581,0.0217556,0.137499,0.00785063,0.0616834,0.736864,0.262413,0.217596,6.51083e-07,0.254717
190,1.28809,-86.2,0.000290743,0.534234,11.5839,138.298,0.95,1.97626e-323,9.8737e-121,0.973843,0.0229087,0.139968,0.00999139,0.0511861,0.702317,0.255774,0.217596,6.51083e-07,0.27167
195,-0.118425,-86.2,0.000282473,0.537044,11.5834,138.298,0.97,1.97626e-323,4.87808e-122,0.973963,0.0242048,0.142333,0.0129067,0.0419475,0.662872,0.250203,0.217596,6.51083e-07,0.291403
200,-1.63285,-86.2,0.000274547,0.53978,11.5829,138.298,0.97,1.97626e-323,3.11694e-123,0.973943,0.0256749,0.144593,0.0169519,0.0339079,0.618049,0.245685,0.217596,6.51083e-07,0.315036
205,-3.27833,-86.2,0.000266933,0.542443,11.5823,138.298,0.94,1.97626e-323,2.57212e-124,0.97378,0.0273627,0.146744,0.0226861,0.0269912,0.56742,0.242176,0.217596,6.51083e-07,0.344093
210,-5.08673,-86.2,0.000259593,0.545031,11.5818,138.298,0.98,1.97626e-323,2.73967e-125,0.973466,0.0293303,0.148782,0.0310118,0.0211127,0.510689,0.23961,0.217596,6.51083e-07,0.380544
215,-7.10091,-86.2,0.000252486,0.547543,11.5813,138.298,0.94,1.97626e-323,3.76833e-126,0.972988,0.0316673,0.150706,0.0434038,0.0161856,0.447852,0.237903,0.217596,6.51083e-07,0.426795
220,-9.37651,-86.2,0.000245564,0.549979,11.5809,138.298,0.95,1.97626e-323,6.70199e-127,0.972324,0.0345049,0.152512,0.0622429,0.0121256,0.379481,0.236961,0.217596,6.51083e-07,0.485503
225,-11.9821,-86.2,0.000238772,0.552336,11.5804,138.298,0.95,1.97626e-323,1.54334e-127,0.971442,0.0380345,0.154193,0.0910954,0.00885233,0.307182,0.236691,0.217596,6.51083e-07,0.55905
230,-14.9953,-86.2,0.000232059,0.554614,11.58,138.297,0.94,1.97626e-323,4.60122e-128,0.970297,0.042535,0.155735,0.134201,0.00628605,0.234123,0.237008,0.217596,6.51083e-07,0.648515
235,-18.4935,-86.2,0.000225376,0.556808,11.5796,138.297,0.96,1.97626e-323,1.76855e-128,0.968831,0.0484058,0.157098,0.193509,0.00434208,0.165219,0.237844,0.217596,6.51083e-07,0.752517
240,-22.5412,-86.2,0.000218695,0.558917,11.5793,138.297,0.92,1.97626e-323,8.66205e-129,0.966978,0.0562075,0.158185,0.263249,0.00292546,0.106197,0.239156,0.217596,6.51083e-07,0.867697
245,-27.1893,-86.2,0.00021202,0.560937,11.579,138.297,0.97,1.97626e-323,5.28659e-129,0.964698,0.066727,0.158781,0.329771,0.00193179,0.0613462,0.240946,0.217596,6.51083e-07,0.993076
250,-32.5062,-86.2,0.000205377,0.562866,11.5788,138.296,0.85,1.97626e-323,3.88447e-129,0.96199,0.0811319,0.158431,0.382502,0.00125625,0.031493,0.243336,0.217596,6.51083e-07,1.13804
255,-38.5878,-86.2,0.000199825,0.564391,11.5786,138.296,0.88,1.97626e-323,3.28656e-129,0.958843,0.101351,0.156218,0.421241,0.000805809,0.0141481,0.246779,0.576326,0.451701,1.24294
260,-45.3508,-86.2,0.000200632,0.563902,11.5785,138.295,0.88,0.000707329,0.000162851,0.955071,0.129356,0.150467,0.452,0.000507769,0.00569134,0.252623,0.95116,0.923554,1.51608
265,-54.0582,-86.2,0.000197147,0.564615,11.5785,138.295,0.86,0.00359011,0.000984081,0.949812,0.17354,0.137312,0.482763,0.000308512,0.00178369,0.265687,0.983082,0.96414,1.98197
270,-64.8824,-86.2,0.000191022,0.56603,11.5787,138.294,0.76,0.0175903,0.0039647,0.939729,0.248831,0.107746,0.531801,0.000171555,0.000407392,0.296417,0.988405,0.971921,2.21894
275,-74.4895,-86.2,0.000184164,0.567579,11.5791,138.293,0.45,0.0827807,0.0139862,0.915646,0.344196,0.058307,0.637289,7.97613e-05,0.000104465,0.337463,0.991588,0.977263,1.49665
280,-79.7412,-86.2,0.000177372,0.569069,11.5797,138.292,0.24,0.244768,0.0398016,0.870538,0.40686,0.0203113,0.767765,3.02223e-05,4.91329e-05,0.37746,0.994116,0.981737,0.741885
285,-81.5177,-86.2,0.000170921,0.570463,11.5804,138.291,0.19,0.4476,0.0788335,0.811974,0.431121,0.0073251,0.862652,1.00903e-05,3.74372e-05,0.415138,0.996085,0.985344,0.232852
290,-82.2021,-86.2,0.000164901,0.57176,11.5812,138.291,0.15,0.611678,0.120859,0.751977,0.439044,0.00459612,0.920237,3.2451e-06,3.40139e-05,0.450546,0.997597,0.988183,0.105587
295,-83.8986,-86.2,0.000159272,0.572963,11.5817,138.291,0.07,0.742164,0.166292,0.689814,0.454893,0.00381287,0.954496,1.00346e-06,2.74362e-05,0.483818,0.99877,0.990411,0.291932
300,-84.866,-86.2,0.000153999,0.574078,11.5822,138.291,0.05,0.840379,0.215096,0.625314,0.466065,0.00343105,0.974468,3.03725e-07,2.39406e-05,0.515081,0.999696,0.992173,0.166895
305,-85.5262,-86.2,0.000149074,0.57511,11.5827,138.291,0.02,0.90332,0.264313,0.562326,0.473511,0.00322632,0.98579,9.99661e-08,2.18312e-05,0.544453,1.00044,0.99357,0.0824821
310,-85.7818,-86.2,0.000144482,0.576062,11.5831,138.291,0.02,0.939405,0.312133,0.503308,0.476658,0.00313143,0.992123,4.29531e-08,2.10345e-05,0.572047,1.00104,0.994682,0.0276941
315,-85.8768,-86.2,0.000140205,0.57694,11.5834,138.291,0.02,0.958501,0.357407,0.44968,0.477819,0.00309611,0.995639,2.73647e-08,2.07471e-05,0.597969,1.00154,0.995569,0.00882887
320,-85.924,-86.2,0.000136221,0.577749,11.5838,138.291,0.01,0.96829,0.399872,0.401499,0.478327,0.00308253,0.997587,2.31061e-08,2.06151e-05,0.622321,1.00195,0.996282,0.00733028
325,-85.9403,-86.2,0.000132507,0.578493,11.5842,138.291,0,0.973273,0.439609,0.358343,0.478528,0.00307597,0.998664,2.19063e-08,2.05693e-05,0.645198,1.0023,0.996858,0.00865486
330,-85.966,-86.2,0.000129041,0.579177,11.5845,138.291,0.01,0.975804,0.476736,0.319759,0.478787,0.0030711,0.999261,2.15382e-08,2.04978e-05,0.666688,1.0026,0.997326,0.00551713
335,-85.9886,-86.2,0.000125804,0.579805,11.5848,138.291,0.01,0.977119,0.511434,0.285259,0.47903,0.00306601,0.99959,2.13806e-08,2.04342e-05,0.686877,1.00287,0.99771,0.00384727
340,-85.8996,-86.2,0.000122779,0.58038,11.5851,138.291,0.04,0.977743,0.543784,0.254496,0.478464,0.00307123,0.999773,2.13841e-08,2.06228e-05,0.705843,1.0031,0.998026,-0.0473275
345,-85.5076,-86.2,0.000119955,0.580905,11.5855,138.291,0.05,0.977531,0.573473,0.227551,0.475191,0.0031227,0.999873,2.19944e-08,2.16124e-05,0.723659,1.0033,0.998287,-0.0398424
350,-85.4438,-86.2,0.000117319,0.581385,11.5858,138.291,0.05,0.976652,0.600449,0.204181,0.473276,0.00318179,0.999929,2.29757e-08,2.19917e-05,0.740395,1.00348,0.998505,-0.0315861
355,-85.7895,-86.2,0.000114845,0.581823,11.5861,138.291,0.03,0.976687,0.626047,0.182881,0.476576,0.00313422,0.99996,2.26274e-08,2.10333e-05,0.756118,1.00364,0.998687,0.0269708
360,-85.8675,-86.2,0.000112519,0.582221,11.5864,138.291,0.03,0.977251,0.650439,0.163388,0.477946,0.00309349,0.999977,2.19796e-08,2.07295e-05,0.770888,1.00379,0.998841,0.0106623
365,-85.7527,-86.2,0.000110336,0.582583,11.5867,138.291,0.04,0.977449,0.673171,0.146004,0.476707,0.00310536,0.999986,2.19421e-08,2.10825e-05,0.784764,1.00393,0.998972,-0.017843
370,-85.7797,-86.2,0.000108289,0.582909,11.587,138.291,0.01,0.977215,0.694133,0.130681,0.476351,0.00312648,0.999992,2.22648e-08,2.1091e-05,0.797799,1.00405,0.999083,0.0726625
375,-85.9164,-86.2,0.00010636,0.583204,11.5872,138.291,0.05,0.977651,0.714072,0.116692,0.478613,0.00308052,0.999994,2.17316e-08,2.05551e-05,0.810044,1.00416,0.999178,-0.15241
380,-85.7823,-86.2,0.000104548,0.583468,11.5875,138.291,0.02,0.977536,0.73249,0.104341,0.476711,0.00311035,0.999996,2.19866e-08,2.10491e-05,0.821547,1.00427,0.99926,0.0650215
385,-85.8893,-86.2,0.000102841,0.583704,11.5877,138.291,0.03,0.977739,0.749827,0.0932014,0.478046,0.00308756,0.999997,2.17478e-08,2.07069e-05,0.832354,1.00437,0.999331,0.0113733
390,-85.6726,-86.2,0.000101237,0.583913,11.588,138.291,0.04,0.977408,0.765791,0.0833966,0.475707,0.00312876,0.999997,2.22023e-08,2.13158e-05,0.842505,1.00445,0.999392,-0.00339369
395,-85.8286,-86.2,9.97265e-05,0.584098,11.5882,138.291,0.01,0.977155,0.780623,0.0746755,0.476791,0.00312596,0.999998,2.23497e-08,2.09553e-05,0.852042,1.00454,0.999445,0.0719249
400,-86.0464,-86.2,9.82954e-05,0.58426,11.5884,138.291,0.01,0.977763,0.794842,0.0666496,0.479451,0.00306735,0.999998,2.15956e-08,2.03005e-05,0.861001,1.00461,0.999492,0.0237529
405,-85.7915,-86.2,9.69462e-05,0.5844,11.5886,138.291,0.04,0.977885,0.808055,0.0595174,0.477273,0.00309105,0.999998,2.16608e-08,2.09391e-05,0.869417,1.00469,0.999533,-0.0296815
410,-85.9614,-86.2,9.56738e-05,0.584519,11.5888,138.291,0.01,0.977878,0.820324,0.0531834,0.478416,0.00308565,0.999998,2.1687e-08,2.0557e-05,0.877324,1.00475,0.999569,0.0469726
415,-86.042,-86.2,9.4469e-05,0.58462,11.589,138.291,0.03,0.978193,0.831911,0.0474542,0.479489,0.00306112,0.999998,2.13593e-08,2.02989e-05,0.884751,1.00482,0.999601,-0.0185076
420,-86.1054,-86.2,9.33285e-05,0.584703,11.5891,138.291,0.02,0.978568,0.842805,0.0423005,0.480248,0.00304227,0.999998,2.1043e-08,2.01175e-05,0.891729,1.00488,0.99963,0.00266983
425,-86.0273,-86.2,9.22506e-05,0.584768,11.5893,138.291,0.03,0.978697,0.852946,0.0377145,0.479585,0.00304934,0.999998,2.10385e-08,2.03091e-05,0.898283,1.00493,0.999655,-0.0134854
430,-85.5249,-86.2,9.12342e-05,0.584818,11.5896,138.291,0.08,0.978371,0.862275,0.0336843,0.47673,0.0030904,0.999998,2.15017e-08,2.12221e-05,0.904441,1.00498,0.999678,-0.831891
435,-84.16,-86.2,9.03089e-05,0.584851,11.5901,138.291,0.04,0.973992,0.869667,0.0306036,0.458677,0.0034668,0.999998,2.69153e-08,2.63588e-05,0.910223,1.00503,0.999698,0.24909
440,-85.064,-86.2,8.94226e-05,0.584872,11.5902,138.291,0.05,0.973038,0.876984,0.0276815,0.469042,0.00332772,0.999998,2.61598e-08,2.31292e-05,0.915656,1.00508,0.999715,-0.00829
445,-85.333,-86.2,8.85726e-05,0.58488,11.5905,138.291,0.04,0.97368,0.88419,0.0249224,0.471901,0.00323934,0.999998,2.47272e-08,2.2319e-05,0.92076,1.00512,0.999731,-0.0573659
450,-85.4815,-86.2,8.77619e-05,0.584876,11.5907,138.291,0.05,0.974687,0.891108,0.0223812,0.474046,0.0031816,0.999998,2.3625e-08,2.17886e-05,0.925556,1.00516,0.999746,-0.0866858
455,-84.9468,-86.2,8.70011e-05,0.58486,11.591,138.291,0.04,0.97413,0.897342,0.0201797,0.468161,0.0032807,0.999998,2.46474e-08,2.35074e-05,0.93006,1.0052,0.999759,0.128575
460,-85.6446,-86.2,8.62735e-05,0.584833,11.5911,138.291,0.03,0.974824,0.903372,0.0181384,0.475145,0.00317885,0.999998,2.3639e-08,2.14132e-05,0.934292,1.00523,0.999771,0.0749029
465,-85.9828,-86.2,8.55736e-05,0.584797,11.5912,138.291,0.03,0.976328,0.909276,0.0162253,0.478769,0.00308919,0.999998,2.21999e-08,2.0464e-05,0.938268,1.00527,0.999782,0.00220623
470,-85.7891,-86.2,8.49069e-05,0.584751,11.5914,138.291,0.03,0.977327,0.914857,0.0144953,0.477652,0.00307979,0.999998,2.16468e-08,2.09097e-05,0.942003,1.0053,0.999792,0.0456782
475,-85.8816,-86.2,8.42763e-05,0.584695,11.5916,138.291,0.03,0.977593,0.920006,0.0129678,0.47794,0.00308857,0.999998,2.1704e-08,2.07192e-05,0.945512,1.00533,0.999802,0.0260308
480,-85.7564,-86.2,8.36793e-05,0.584631,11.5918,138.291,0.03,0.977479,0.924769,0.0116148,0.476457,0.0031146,0.999998,2.20166e-08,2.11185e-05,0.948808,1.00536,0.99981,0.053547
485,-85.9906,-86.2,8.31098e-05,0.584559,11.5919,138.291,0.02,0.977785,0.929276,0.0103904,0.478842,0.00307777,0.999998,2.1656e-08,2.04638e-05,0.951904,1.00539,0.999818,0.0415598
490,-86.1137,-86.2,8.25655e-05,0.584479,11.592,138.291,0.02,0.978323,0.933552,0.00928017,0.480245,0.00304563,0.999998,2.11607e-08,2.01071e-05,0.954813,1.00541,0.999825,0.0130586
495,-86.1042,-86.2,8.20478e-05,0.584392,11.5921,138.291,0.02,0.978615,0.937545,0.00828901,0.480135,0.00304361,0.999998,2.10161e-08,2.01357e-05,0.957546,1.00544,0.999832,0.0159527
500,-85.9996,-86.2,8.15552e-05,0.584297,11.5923,138.291,0.04,0.978807,0.941278,0.00740377,0.479736,0.00304287,0.999998,2.09395e-08,2.03148e-05,0.960114,1.00546,0.999838,-0.0760495
505,-86.0492,-86.2,8.1089e-05,0.584196,11.5924,138.291,0.02,0.978663,0.944717,0.00662337,0.479473,0.0030578,0.999998,2.1157e-08,2.02981e-05,0.962525,1.00549,0.999843,0.0302114
510,-86.185,-86.2,8.0643e-05,0.584089,11.5925,138.291,0,0.97891,0.94797,0.00591869,0.480972,0.00303057,0.999998,2.086e-08,1.99187e-05,0.964791,1.00551,0.999848,0.0146611
515,-86.2276,-86.2,8.02171e-05,0.583976,11.5926,138.292,0,0.979214,0.951029,0.00528614,0.481506,0.00301568,0.999998,2.05986e-08,1.97943e-05,0.966919,1.00553,0.999853,0.00447828
520,-86.2404,-86.2,7.98113e-05,0.583857,11.5927,138.292,0,0.979415,0.953886,0.00472199,0.481666,0.00301074,0.999998,2.0476e-08,1.97575e-05,0.968919,1.00555,0.999858,0.00176709
525,-86.1857,-86.2,7.94255e-05,0.583734,11.5928,138.292,0.03,0.979446,0.95654,0.00422131,0.481099,0.00301867,0.999998,2.05286e-08,1.99054e-05,0.970797,1.00557,0.999862,-0.0415131
530,-85.7126,-86.2,7.90622e-05,0.583604,11.593,138.292,0.05,0.978906,0.95895,0.00378515,0.477249,0.00307736,0.999998,2.1205e-08,2.1037e-05,0.972561,1.00558,0.999866,-0.142259
535,-85.1972,-86.2,7.87306e-05,0.58347,11.5932,138.292,0.04,0.976854,0.960986,0.0034241,0.470404,0.00323032,0.999998,2.34267e-08,2.28004e-05,0.974218,1.0056,0.999869,0.0862809
540,-85.2294,-86.2,7.84144e-05,0.583331,11.5934,138.292,0.05,0.97588,0.962898,0.00309896,0.471519,0.00322395,0.999998,2.3826e-08,2.25486e-05,0.975775,1.00561,0.999872,-0.0486764
545,-84.8553,-86.2,7.812e-05,0.583188,11.5937,138.292,0.05,0.974407,0.964592,0.00281737,0.467311,0.00330675,0.999998,2.50798e-08,2.37764e-05,0.977237,1.00563,0.999875,0.0150314
550,-84.2623,-86.2,7.78473e-05,0.583041,11.5941,138.292,0.04,0.972422,0.966075,0.00257388,0.460494,0.00343184,0.999998,2.6997e-08,2.59752e-05,0.97861,1.00564,0.999878,0.234236
555,-83.6728,-86.2,7.75987e-05,0.58289,11.5944,138.291,0.06,0.969768,0.967322,0.00236661,0.455484,0.00355798,0.999997,2.93658e-08,2.77935e-05,0.979899,1.00565,0.99988,-0.00282604
560,-84.6838,-86.2,7.73586e-05,0.582736,11.5946,138.291,0.03,0.968906,0.96854,0.00217433,0.463483,0.00346996,0.999997,2.88769e-08,2.46508e-05,0.98111,1.00566,0.999883,0.250495
565,-84.3997,-86.2,7.71188e-05,0.58258,11.5949,138.291,0.06,0.969725,0.969815,0.00198923,0.463399,0.00340113,0.999997,2.74687e-08,2.51055e-05,0.982249,1.00568,0.999885,-0.105979
570,-84.933,-86.2,7.68927e-05,0.582421,11.5951,138.291,0.03,0.969933,0.970982,0.00182419,0.466275,0.00338358,0.999997,2.71808e-08,2.38139e-05,0.983318,1.00569,0.999887,0.211407
575,-85.4058,-86.2,7.66608e-05,0.582259,11.5952,138.291,0.05,0.97241,0.972268,0.00166006,0.473416,0.00321054,0.999998,2.45726e-08,2.19895e-05,0.984323,1.0057,0.999889,-0.0803878
580,-85.4122,-86.2,7.64397e-05,0.582095,11.5954,138.291,0.03,0.973588,0.973467,0.00151298,0.472404,0.00321578,0.999998,2.40712e-08,2.21711e-05,0.985267,1.00571,0.999891,0.12821
585,-84.6126,-86.2,7.62317e-05,0.581928,11.5957,138.291,0.06,0.97364,0.974555,0.00138325,0.466183,0.00329278,0.999998,2.47621e-08,2.4346e-05,0.986154,1.00572,0.999893,-0.141258
590,-83.7976,-86.2,7.60498e-05,0.581758,11.5961,138.291,0.08,0.971376,0.975391,0.00127817,0.458852,0.00347053,0.999998,2.75886e-08,2.67139e-05,0.986987,1.00573,0.999894,-0.649836
595,-84.474,-86.2,7.58832e-05,0.581585,11.5963,138.291,0.04,0.969302,0.976104,0.00118691,0.461476,0.00350425,0.999997,2.90411e-08,2.52987e-05,0.987769,1.00573,0.999896,0.204783
600,-82.9661,-86.2,7.57253e-05,0.58141,11.5968,138.291,0.08,0.967491,0.976756,0.00110472,0.450916,0.00362664,0.999997,3.07553e-08,2.98401e-05,0.988503,1.00574,0.999897,-0.533297
605,-82.3376,-86.2,7.56037e-05,0.581232,11.5972,138.29,0.07,0.962234,0.97706,0.00104395,0.441041,0.00392776,0.999997,3.65749e-08,3.32061e-05,0.989191,1.00575,0.999898,-0.0935914
610,-82.0908,-86.2,7.54877e-05,0.581052,11.5977,138.29,0.07,0.958826,0.977348,0.000987945,0.440894,0.00396287,0.999997,3.82486e-08,3.37572e-05,0.989837,1.00575,0.999899,-0.0598131
615,-80.9405,-86.2,7.53843e-05,0.580871,11.5982,138.29,0.08,0.955219,0.977534,0.000939441,0.432893,0.00409394,0.999996,4.0989e-08,3.84576e-05,0.990444,1.00576,0.9999,-0.25967
620,-77.2545,-86.2,7.53257e-05,0.580686,11.5992,138.289,0.13,0.946171,0.977257,0.000908323,0.406726,0.00463889,0.999995,5.35495e-08,5.73266e-05,0.991011,1.00576,0.9999,-3.13954
625,22.4036,-86.2,0.000459948,0.479591,11.6104,138.288,0.94,2.37342e-06,0.0141624,0.0655747,0.147945,0.00794784,0.660668,0.373089,0.975893,0.977205,0.830336,0.762034,2.3379
630,12.9632,-86.2,0.000979415,0.417734,11.61,138.285,0.98,7.41761e-19,5.48294e-06,0.163671,0.0379574,0.0120858,0.295776,0.324926,0.917518,0.941125,0.27341,0.0626265,0.464483
635,13.7123,-86.2,0.00100274,0.417039,11.6098,138.284,0.93,5.26519e-31,1.01357e-08,0.227538,0.0189562,0.0159557,0.145587,0.255124,0.922961,0.904164,0.220475,0.00514074,-0.461039
640,16.1543,-86.2,0.000972405,0.420676,11.6095,138.284,0.96,2.23203e-43,8.64274e-12,0.296867,0.0143914,0.0199444,0.069139,0.306487,0.943143,0.869633,0.217058,0.00042204,-0.469031
645,18.243,-86.2,0.000937885,0.424689,11.6092,138.283,0.93,5.59706e-56,2.64773e-15,0.372943,0.0125747,0.0240739,0.0310147,0.390323,0.956464,0.837883,0.217058,3.47526e-05,-0.363879
650,19.78,-86.2,0.000903581,0.428746,11.6088,138.283,0.93,9.85304e-69,3.27386e-19,0.45143,0.0115504,0.0283078,0.0131775,0.464165,0.964336,0.808542,0.217058,3.05074e-06,-0.250949
655,20.7581,-86.2,0.000870106,0.432816,11.6083,138.283,0.95,1.39607e-81,2.03787e-23,0.527309,0.0109232,0.032606,0.00541789,0.515597,0.968643,0.781084,0.217058,6.12146e-07,-0.143006
660,21.2436,-86.2,0.000837686,0.436896,11.6079,138.283,0.98,1.76219e-94,8.3418e-28,0.596537,0.0105742,0.0369313,0.00224997,0.544238,0.970618,0.755034,0.217058,5.64446e-07,-0.0559282
665,21.3611,-86.2,0.000806434,0.440982,11.6074,138.283,0.96,2.12735e-107,2.87023e-32,0.656979,0.010427,0.0412539,0.00101313,0.554982,0.971108,0.730039,0.217058,5.64446e-07,0.00437814
670,21.2367,-86.2,0.00077639,0.445072,11.6068,138.283,0.92,2.573e-120,9.94998e-37,0.70829,0.0104172,0.0455531,0.000544943,0.55363,0.970669,0.705866,0.217058,5.64446e-07,0.0420679
675,20.9654,-86.2,0.000747551,0.449165,11.6063,138.282,0.95,3.21035e-133,3.89719e-41,0.751197,0.010495,0.0498162,0.000375211,0.544757,0.969639,0.682378,0.217058,5.64446e-07,0.0643907
680,20.6077,-86.2,0.000719888,0.453256,11.6057,138.282,0.97,4.20899e-146,1.84141e-45,0.786849,0.0106272,0.0540356,0.0003218,0.531381,0.968214,0.659494,0.217058,5.64446e-07,0.0775072
685,20.1985,-86.2,0.000693362,0.457345,11.6052,138.282,0.94,5.86948e-159,1.08703e-49,0.816437,0.0107935,0.0582071,0.000315337,0.515314,0.966497,0.63717,0.217058,5.64446e-07,0.0855291
690,19.7566,-86.2,0.000667928,0.461428,11.6046,138.282,0.95,8.7829e-172,8.16235e-54,0.841032,0.0109824,0.0623282,0.000329439,0.497588,0.96454,0.615379,0.217058,5.64446e-07,0.0908984
695,19.2915,-86.2,0.000643543,0.465502,11.6041,138.282,0.94,1.42039e-184,7.86596e-58,0.861538,0.0111881,0.0663973,0.000354093,0.478776,0.96236,0.594104,0.217058,5.64446e-07,0.0949806
700,18.8076,-86.2,0.000620164,0.469564,11.6035,138.282,0.96,2.49893e-197,9.77121e-62,0.878697,0.0114078,0.0704134,0.00038563,0.459198,0.959955,0.573336,0.217058,5.64446e-07,0.0985178
705,18.3065,-86.2,0.000597748,0.473611,11.6029,138.282,0.95,4.81397e-210,1.56802e-65,0.893109,0.0116406,0.0743755,0.000422937,0.439036,0.957309,0.553066,0.217058,5.64446e-07,0.101911
710,17.7883,-86.2,0.000576258,0.47764,11.6023,138.282,0.92,1.02242e-222,3.2545e-69,0.905262,0.0118864,0.0782829,0.000466027,0.418403,0.954397,0.53329,0.217058,5.64446e-07,0.105379
715,17.2523,-86.2,0.000555658,0.481647,11.6017,138.282,0.94,2.4119e-235,8.74396e-73,0.915547,0.0121461,0.0821345,0.000515485,0.397382,0.951187,0.514004,0.217058,5.64446e-07,0.109047
720,16.6973,-86.2,0.000535912,0.485629,11.6011,138.281,0.93,6.37156e-248,3.04337e-76,0.924282,0.0124207,0.0859294,0.000572283,0.376039,0.947639,0.495205,0.217058,5.64446e-07,0.112993
725,16.1218,-86.2,0.000516989,0.489583,11.6005,138.281,0.95,1.90217e-260,1.37335e-79,0.931723,0.0127117,0.0896665,0.000637734,0.354444,0.943703,0.476893,0.217058,5.64446e-07,0.117269
730,15.5239,-86.2,0.000498858,0.493505,11.5999,138.281,0.93,6.48342e-273,8.04267e-83,0.93808,0.0130208,0.0933446,0.000713523,0.332669,0.939322,0.459069,0.217058,5.64446e-07,0.121917
735,14.9018,-86.2,0.00048149,0.497392,11.5993,138.281,0.95,2.55213e-285,6.11893e-86,0.943525,0.01335,0.0969622,0.000801779,0.310794,0.934427,0.441735,0.217058,5.64446e-07,0.126974
740,14.2533,-86.2,0.000464856,0.50124,11.5987,138.281,0.91,1.17537e-297,6.05509e-89,0.948198,0.0137015,0.100518,0.000905199,0.288912,0.928936,0.424899,0.217058,5.64446e-07,0.132472
745,13.5762,-86.2,0.000448932,0.505045,11.5981,138.281,0.93,6.4267e-310,7.80342e-92,0.952214,0.0140779,0.10401,0.00102721,0.267124,0.922755,0.408569,0.217058,5.64446e-07,0.138445
750,12.8679,-86.2,0.00043369,0.508805,11.5975,138.281,0.97,4.24896e-322,1.3114e-94,0.955669,0.0144821,0.107436,0.00117218,0.245544,0.915767,0.39276,0.217058,5.64446e-07,0.144927
755,12.1259,-86.2,0.000419105,0.512515,11.5969,138.281,0.95,1.97626e-323,2.87757e-97,0.958642,0.0149174,0.110795,0.00134576,0.224295,0.907839,0.377488,0.217058,5.64446e-07,0.151948
760,11.3473,-86.2,0.000405155,0.516173,11.5963,138.281,0.96,1.97626e-323,8.25444e-100,0.961197,0.0153876,0.114083,0.00155528,0.203507,0.89881,0.362779,0.217058,5.64446e-07,0.159541
765,10.5293,-86.2,0.000391815,0.519776,11.5957,138.281,0.95,1.97626e-323,3.09871e-102,0.963391,0.0158969,0.117299,0.00181035,0.183318,0.888492,0.348663,0.217058,5.64446e-07,0.167734
770,9.66876,-86.2,0.000379062,0.523321,11.5951,138.281,0.95,1.97626e-323,1.52359e-104,0.965267,0.0164502,0.12044,0.00212365,0.163863,0.876667,0.335179,0.217058,5.64446e-07,0.176559
775,8.76243,-86.2,0.000366874,0.526804,11.5945,138.281,0.96,1.97626e-323,9.81719e-107,0.966864,0.017053,0.123503,0.00251212,0.145279,0.863076,0.322374,0.217058,5.64446e-07,0.186047
780,7.80692,-86.2,0.000355228,0.530224,11.5939,138.281,0.95,1.97626e-323,8.29088e-109,0.968213,0.0177116,0.126484,0.00299859,0.127692,0.847426,0.310302,0.217058,5.64446e-07,0.196235
785,6.79861,-86.2,0.000344102,0.533578,11.5934,138.281,0.98,1.97626e-323,9.17441e-111,0.96934,0.0184334,0.129381,0.00361413,0.111214,0.829379,0.299028,0.217058,5.64446e-07,0.207179
790,5.7335,-86.2,0.000333474,0.536865,11.5928,138.281,0.95,1.97626e-323,1.32913e-112,0.970266,0.0192267,0.132191,0.00440153,0.0959368,0.808561,0.288619,0.217058,5.64446e-07,0.218965
795,4.60706,-86.2,0.000323321,0.540081,11.5922,138.281,0.95,1.97626e-323,2.51765e-114,0.971009,0.0201016,0.134909,0.00542053,0.0819295,0.784554,0.279143,0.217058,5.64446e-07,0.231744
800,3.41374,-86.2,0.00031362,0.543227,11.5917,138.28,0.96,1.97626e-323,6.22397e-116,0.971583,0.0210701,0.137532,0.00675571,0.0692312,0.756909,0.270664,0.217058,5.64446e-07,0.245762
805,2.14642,-86.2,0.000304349,0.546299,11.5911,138.28,0.9,1.97626e-323,2.0037e-117,0.971997,0.0221474,0.140057,0.00852913,0.0578508,0.725152,0.263233,0.217058,5.64446e-07,0.261423
810,0.79542,-86.2,0.000295481,0.549298,11.5906,138.28,0.93,1.97626e-323,8.38023e-119,0.972259,0.0233526,0.142481,0.0109205,0.0477677,0.688789,0.256879,0.217058,5.64446e-07,0.279347
815,-0.652714,-86.2,0.00028699,0.552221,11.59,138.28,0.94,1.97626e-323,4.54289e-120,0.972373,0.0247116,0.1448,0.0142012,0.0389347,0.647324,0.251606,0.217058,5.64446e-07,0.300445
820,-2.2169,-86.2,0.000278845,0.555069,11.5895,138.28,0.93,1.97626e-323,3.1859e-121,0.97234,0.0262599,0.147012,0.0187917,0.0312839,0.600286,0.247389,0.217058,5.64446e-07,0.325996
825,-3.92348,-86.2,0.000271012,0.55784,11.589,138.28,0.97,1.97626e-323,2.887e-122,0.972156,0.0280473,0.149113,0.0253614,0.0247338,0.547278,0.244174,0.217058,5.64446e-07,0.357705
830,-5.80852,-86.2,0.000263451,0.560533,11.5885,138.28,0.97,1.97626e-323,3.3798e-123,0.971812,0.0301456,0.1511,0.0349991,0.0191969,0.488083,0.241887,0.217058,5.64446e-07,0.397744
835,-7.91998,-86.2,0.000256117,0.563148,11.588,138.28,0.94,1.97626e-323,5.11588e-124,0.971291,0.0326588,0.152971,0.0494869,0.0145858,0.422869,0.240437,0.217058,5.64446e-07,0.448678
840,-10.3191,-86.2,0.000248959,0.565682,11.5876,138.28,0.94,1.97626e-323,1.0027e-124,0.970569,0.0357396,0.154721,0.0716547,0.0108168,0.352538,0.239727,0.217058,5.64446e-07,0.513183
845,-13.0794,-86.2,0.00024192,0.568133,11.5871,138.279,0.94,1.97626e-323,2.54745e-125,0.96961,0.0396109,0.156341,0.105502,0.00780961,0.279245,0.239665,0.217058,5.64446e-07,0.593315
850,-16.2806,-86.2,0.000234948,0.570501,11.5867,138.279,0.92,1.97626e-323,8.37837e-126,0.968363,0.0445963,0.157808,0.154961,0.00548253,0.206878,0.240169,0.217058,5.64446e-07,0.689288
855,-19.9967,-86.2,0.000227999,0.57278,11.5864,138.279,0.93,1.97626e-323,3.54342e-126,0.966765,0.0511556,0.159066,0.219631,0.00374653,0.140911,0.241177,0.217058,5.64446e-07,0.798635
860,-24.2856,-86.2,0.000221058,0.574969,11.5861,138.279,0.94,1.97626e-323,1.89719e-126,0.964757,0.0599314,0.159976,0.289964,0.0025015,0.0868801,0.242658,0.217058,5.64446e-07,0.917992
865,-29.1981,-86.2,0.000214137,0.577063,11.5858,138.279,0.92,1.97626e-323,1.25133e-126,0.962314,0.0718363,0.160245,0.351833,0.00164043,0.0479075,0.244646,0.217058,5.64446e-07,1.04921
870,-34.8256,-86.2,0.000207272,0.57906,11.5856,138.278,0.94,1.97626e-323,9.77708e-127,0.959445,0.0882808,0.159265,0.398625,0.00106079,0.023345,0.247352,0.217058,5.64446e-07,1.20823
875,-41.105,-86.2,0.000204728,0.579642,11.5855,138.278,0.88,0.000127819,1.74356e-05,0.956097,0.111304,0.155842,0.433391,0.000676147,0.0100248,0.251481,0.830746,0.771455,1.31019
880,-48.5212,-86.2,0.000203863,0.579609,11.5854,138.277,0.85,0.00139999,0.000366474,0.951918,0.144157,0.147739,0.46303,0.00042142,0.00373675,0.259191,0.969682,0.946095,1.6859
885,-58.1571,-86.2,0.000198813,0.580769,11.5855,138.276,0.82,0.00663939,0.00174548,0.945419,0.198871,0.129294,0.497593,0.000249446,0.00102531,0.278121,0.983455,0.964153,2.15526
890,-69.1058,-86.2,0.000192032,0.582364,11.5858,138.275,0.55,0.0333854,0.00660469,0.931254,0.286942,0.0903152,0.564906,0.000130661,0.000225518,0.315005,0.987894,0.971019,2.07427
895,-77.2679,-86.2,0.000184932,0.583983,11.5863,138.274,0.34,0.137408,0.0222512,0.898645,0.376098,0.0399544,0.691165,5.56288e-05,7.03071e-05,0.35596,0.991238,0.97665,1.11973
900,-80.7349,-86.2,0.000178058,0.585515,11.5869,138.274,0.2,0.326969,0.0545425,0.846751,0.419496,0.0129649,0.810754,1.98051e-05,4.25073e-05,0.394906,0.993876,0.981304,0.567341
905,-82.9192,-86.2,0.000171572,0.586944,11.5876,138.273,0.1,0.532236,0.097874,0.783904,0.444002,0.00543623,0.890113,6.3303e-06,3.14232e-05,0.431539,0.995903,0.985008,0.423138
910,-84.03,-86.2,0.000165494,0.588272,11.5881,138.273,0.11,0.703491,0.147003,0.715829,0.457996,0.00380485,0.937762,1.88608e-06,2.66199e-05,0.465965,0.997459,0.987922,0.0495391
915,-84.4575,-86.2,0.000159835,0.589502,11.5887,138.273,0.1,0.816012,0.196266,0.64986,0.463077,0.00347904,0.965021,5.58411e-07,2.50177e-05,0.498309,0.998663,0.990207,-0.0743544
920,-84.2744,-86.2,0.00015458,0.59064,11.5894,138.273,0.09,0.881906,0.243172,0.589275,0.461653,0.00344571,0.980368,1.78367e-07,2.5623e-05,0.528695,0.999605,0.992001,-0.0313239
925,-83.7476,-86.2,0.000149715,0.591691,11.59,138.273,0.09,0.916506,0.285586,0.536512,0.456391,0.00354775,0.988926,7.30827e-08,2.74613e-05,0.557238,1.00035,0.993413,-0.0195126
930,-84.7533,-86.2,0.000145183,0.592662,11.5905,138.272,0.05,0.938606,0.326641,0.487182,0.464823,0.00343661,0.993773,4.08761e-08,2.43002e-05,0.584053,1.00096,0.994533,0.154381
935,-85.2126,-86.2,0.000140941,0.593557,11.5909,138.272,0.04,0.954563,0.368026,0.439076,0.470326,0.00328314,0.996527,2.92711e-08,2.27727e-05,0.609246,1.00146,0.995433,0.10673
940,-85.4492,-86.2,0.000136982,0.594382,11.5913,138.272,0.03,0.964147,0.407733,0.394624,0.472762,0.00321786,0.998067,2.53185e-08,2.20621e-05,0.632913,1.00188,0.996159,0.0890692
945,-85.6734,-86.2,0.000133283,0.595141,11.5917,138.272,0.03,0.970163,0.445861,0.353535,0.475531,0.00315065,0.998927,2.33829e-08,2.13498e-05,0.655147,1.00223,0.996748,0.0421549
950,-85.7406,-86.2,0.000129828,0.595837,11.5921,138.272,0.03,0.973564,0.481841,0.316328,0.476299,0.00312668,0.999405,2.25886e-08,2.11486e-05,0.676035,1.00254,0.997229,0.0286508
955,-85.6989,-86.2,0.000126602,0.596476,11.5924,138.272,0.04,0.975305,0.515473,0.283014,0.476079,0.00312616,0.999669,2.23793e-08,2.12314e-05,0.695657,1.00281,0.997623,-0.00271972
960,-85.4756,-86.2,0.000123591,0.597061,11.5928,138.272,0.05,0.975883,0.54661,0.253503,0.474055,0.00315714,0.999816,2.26871e-08,2.18369e-05,0.71409,1.00304,0.997948,-0.0302867
965,-84.6507,-86.2,0.00012079,0.597594,11.5933,138.272,0.08,0.974653,0.574338,0.228424,0.466663,0.00329586,0.999896,2.45794e-08,2.40955e-05,0.731405,1.00324,0.998216,-0.372029
970,-83.7014,-86.2,0.000118195,0.598081,11.5939,138.272,0.06,0.971361,0.598121,0.207787,0.455506,0.00353102,0.99994,2.84006e-08,2.78009e-05,0.747669,1.00343,0.998439,0.137948
975,-84.6837,-86.2,0.00011576,0.598524,11.5942,138.272,0.04,0.969969,0.620732,0.188861,0.46371,0.00345854,0.999965,2.84481e-08,2.4604e-05,0.762948,1.00359,0.998625,0.184486
980,-85.2413,-86.2,0.000113455,0.598928,11.5945,138.272,0.05,0.971478,0.643717,0.170281,0.470605,0.00328611,0.99998,2.59098e-08,2.26637e-05,0.777303,1.00374,0.998783,-0.000275414
985,-85.5115,-86.2,0.000111281,0.599294,11.5948,138.272,0.04,0.973222,0.665933,0.152988,0.47351,0.00320554,0.999988,2.42556e-08,2.18503e-05,0.790789,1.00387,0.998918,0.0324951
990,-85.402,-86.2,0.000109239,0.599624,11.5951,138.272,0.02,0.974194,0.686818,0.137381,0.472193,0.00321029,0.999992,2.38447e-08,2.22392e-05,0.803459,1.004,0.999034,0.138011
995,-85.8724,-86.2,0.000107313,0.599922,11.5954,138.272,0,0.975587,0.706862,0.122979,0.477373,0.00312232,0.999995,2.26818e-08,2.08126e-05,0.815361,1.00411,0.999133,0.0540717
1000,-86.0328,-86.2,0.000105494,0.600189,11.5956,138.272,0.01,0.977004,0.726054,0.109735,0.479367,0.00306704,0.999996,2.16698e-08,2.03298e-05,0.826542,1.00422,0.999219,0.0172861
